70.591025
70.591025
70.591025
70.591025
70.591025
70.591025
70.591025
70.591025
70.591025
70.591025
70.591025
70.591025
70.591025
70.591025
70.591025
70.591025
70.591025
70.591025
70.591025
70.591025
70.591025
70.591025
70.591025
70.591025
70.591025
70.591025
70.591025
70.701025
70.701025
70.591025
70.701025
70.701025
70.701025
70.701025
70.701025
70.701025
70.701025
70.701025
70.701025
70.701025
70.701025
70.701025
70.701025
70.701025
70.701025
70.701025
70.701025
70.701025
70.701025
70.701025
70.701025
70.701025
70.701025
70.811025
70.701025
70.701025
70.701025
70.701025
70.701025
70.701025
70.701025
70.701025
70.701025
70.701025
70.701025
70.701025
70.701025
70.701025
70.701025
70.701025
70.701025
70.701025
70.701025
70.701025
70.701025
70.701025
70.701025
70.701025
70.701025
70.591025
70.701025
70.701025
70.701025
70.701025
70.701025
70.701025
70.701025
70.701025
70.701025
70.701025
70.701025
70.701025
70.701025
70.701025
70.701025
70.701025
70.701025
70.701025
70.701025
70.701025
70.701025
70.701025
70.701025
70.701025
70.701025
70.701025
70.701025
70.701025
70.701025
70.701025
70.701025
70.811025
70.811025
70.811025
70.811025
70.811025
70.811025
70.811025
70.811025
70.811025
70.811025
70.811025
70.811025
70.811025
70.701025
70.701025
70.701025
70.701025
70.701025
70.591025
70.591025
70.591025
70.591025
70.021025
70.021025
70.021025
70.021025
70.021025
70.021025
70.021025
70.021025
70.021025
70.021025
70.021025
70.021025
70.021025
70.021025
70.021025
70.021025
70.021025
70.021025
70.021025
70.021025
70.021025
70.021025
70.021025
70.021025
70.021025
70.021025
70.021025
70.021025
70.021025
70.021025
70.021025
70.021025
70.021025
70.021025
70.021025
70.021025
70.021025
70.021025
70.021025
70.021025
70.021025
70.021025
70.021025
70.021025
70.021025
70.021025
70.021025
70.021025
70.021025
70.021025
70.021025
70.021025
70.021025
70.021025
70.021025
70.021025
70.021025
70.141025
70.021025
70.021025
70.021025
70.021025
70.021025
70.021025
70.021025
70.021025
70.021025
70.021025
70.021025
70.021025
70.021025
70.021025
70.021025
70.021025
70.021025
70.021025
70.021025
70.021025
70.021025
70.021025
70.021025
70.021025
70.021025
70.021025
70.021025
70.021025
70.021025
70.021025
70.021025
70.021025
70.021025
70.021025
70.021025
70.021025
70.021025
70.021025
70.021025
69.911025
69.911025
69.911025
69.911025
69.911025
69.911025
69.911025
69.911025
69.911025
69.911025
69.911025
69.911025
69.911025
69.911025
69.911025
69.911025
69.911025
69.911025
69.911025
69.911025
69.911025
69.911025
69.911025
70.021025
69.911025
69.911025
69.911025
69.911025
69.911025
69.911025
69.911025
69.911025
69.911025
69.911025
69.911025
69.911025
69.911025
69.911025
69.911025
69.911025
69.911025
69.911025
69.911025
70.021025
69.911025
69.911025
69.911025
69.911025
69.911025
69.911025
69.911025
69.911025
69.911025
69.911025
69.911025
69.911025
69.911025
69.911025
69.911025
69.911025
69.911025
69.911025
69.911025
70.021025
70.021025
70.021025
70.021025
69.911025
70.021025
69.911025
70.021025
70.021025
70.021025
70.021025
70.021025
69.911025
69.911025
70.021025
70.021025
69.911025
69.911025
69.911025
69.911025
69.911025
69.911025
69.911025
69.911025
69.911025
69.911025
69.911025
69.911025
69.911025
69.911025
69.911025
69.911025
69.911025
69.911025
69.911025
69.911025
69.911025
69.911025
69.911025
69.911025
69.911025
69.911025
69.911025
69.911025
69.911025
69.911025
70.021025
69.911025
69.911025
69.911025
69.911025
69.911025
69.911025
69.911025
70.021025
69.911025
69.911025
69.911025
69.911025
69.911025
70.021025
69.911025
69.911025
69.911025
69.911025
69.911025
70.021025
69.911025
69.911025
69.911025
69.911025
69.911025
69.911025
69.911025
69.911025
69.911025
69.911025
70.021025
69.911025
69.911025
69.911025
70.021025
69.911025
70.021025
70.021025
70.021025
70.021025
70.021025
70.021025
70.021025
70.021025
70.021025
70.021025
70.021025
70.021025
70.021025
70.021025
70.021025
70.021025
70.021025
70.021025
70.021025
70.021025
70.141025
70.021025
70.021025
70.021025
70.021025
70.021025
70.021025
70.021025
70.021025
70.021025
70.021025
70.021025
70.021025
70.021025
70.021025
70.021025
70.021025
70.021025
70.021025
70.141025
70.021025
70.021025
70.021025
70.141025
70.361108
70.251108
70.361108
70.251108
70.701108
70.701108
70.701108
70.811108
70.811108
70.811108
70.251108
70.141108
70.141108
70.141108
70.021108
70.021108
70.021108
70.021108
69.911108
69.911108
69.911108
69.911108
69.911108
69.911108
69.911108
69.911108
69.801108
69.801108
69.801108
69.801108
69.801108
69.801108
69.801108
69.801108
69.801108
69.801108
69.801108
69.691108
69.801108
69.691108
69.691108
69.691108
69.691108
69.691108
69.691108
69.691108
69.691108
69.691108
69.691108
69.691108
69.691108
69.571108
69.691108
69.691108
69.571108
69.571108
69.691108
69.571108
69.571108
69.571108
69.571108
69.571108
69.571108
69.571108
69.571108
69.571108
69.571108
69.571108
69.571108
69.571108
69.571108
69.571108
69.571108
69.571108
69.571108
69.571108
69.571108
69.911000
69.911000
69.911000
69.911000
70.021000
70.021000
70.021000
70.141000
70.141000
70.251000
70.141000
70.251000
70.141000
70.141000
70.141000
70.021000
70.141000
70.141000
70.141000
70.141000
70.251000
70.361000
70.361000
70.471000
70.471000
70.591000
70.701000
70.811000
70.811000
70.931000
70.931000
70.931000
70.931000
70.931000
70.931000
70.931000
70.931000
70.931000
71.041000
71.041000
71.041000
71.041000
71.151000
71.041000
71.041000
71.151000
71.041000
71.151000
71.151000
71.041000
71.151000
71.151002
71.151002
71.151002
71.151002
71.151002
71.151002
71.151002
71.151002
71.151002
71.151002
71.151002
71.151002
71.151002
71.261002
71.151006
71.151006
71.261006
71.151006
71.151006
71.151006
71.151006
71.151006
71.151006
71.151006
71.151006
71.261006
71.261006
71.261006
71.261006
71.261006
71.261006
71.261006
71.261006
71.261006
71.261006
71.261006
71.261006
71.261014
71.261014
71.261014
71.261014
71.261021
71.261021
71.261021
71.151021
71.261021
71.261021
71.261021
71.261021
71.381021
71.381021
71.381021
71.381021
71.381021
71.381021
71.491021
71.491021
71.491021
71.601021
71.601021
71.601021
71.601021
71.601021
71.711021
71.711021
71.821021
71.821021
71.821021
71.821021
71.821021
71.821021
71.821021
71.821021
71.821021
71.821021
71.821021
71.821021
71.821021
71.821021
71.821021
71.821021
71.821021
71.821021
71.821021
71.941021
71.941021
71.941021
71.941021
71.941021
71.941021
71.941021
71.941021
71.941021
71.941021
71.941021
71.941021
71.941021
71.941021
72.051021
72.051021
72.051021
72.051021
72.051021
72.161021
72.161021
72.161021
72.161021
72.161021
72.051021
72.051021
72.051021
72.051021
72.051021
72.051021
71.941021
71.941021
71.821021
71.821021
71.821021
71.821021
71.821021
71.941021
71.941021
71.941021
71.941021
72.051021
72.051021
72.051021
72.051021
72.161021
72.161021
72.271021
72.271021
72.271021
72.271021
72.391021
72.391021
72.391021
72.391021
72.501021
72.501021
72.501021
72.501021
72.611021
72.611021
72.611021
72.611021
72.611021
72.721021
72.721021
72.721021
72.721021
72.721021
72.841021
72.841021
72.841021
72.841021
72.841021
72.951021
72.951021
72.951021
72.951021
72.951021
72.951021
72.951021
73.401021
73.401021
73.401021
73.401021
73.401021
73.401021
73.511021
73.401021
73.511021
73.511021
73.511021
73.511021
73.511021
73.511021
73.511021
73.511021
73.511021
73.511021
73.511021
73.511021
73.511021
73.511021
73.631021
73.511021
73.511021
73.511021
73.511021
73.511021
73.511021
73.511021
73.631021
73.511021
73.511021
73.631021
73.631021
73.511021
73.511021
73.511021
73.511021
73.511021
73.511021
73.631021
73.631021
73.511000
73.511000
73.401000
73.401000
73.291000
73.291000
73.181000
73.291000
73.181000
73.291000
73.181000
73.181000
73.181000
73.181000
73.181000
73.181000
73.181000
73.181000
73.181000
73.181000
73.181000
73.181000
73.291000
73.291000
73.291000
73.291000
73.291000
73.291000
73.291000
73.291000
73.401000
73.401000
73.401000
73.401000
73.741000
73.851000
74.071000
74.071000
74.191000
74.301000
74.301000
74.411000
74.411000
72.611000
72.721000
72.721000
72.611000
72.721000
72.611000
72.611000
72.501000
72.501000
72.501000
72.501000
72.501000
72.501000
72.501000
72.501000
72.501000
72.501000
72.391000
72.501000
72.391000
72.391000
72.391000
72.391000
72.391000
72.391000
72.391000
72.391000
72.391000
72.391000
72.271000
72.271000
72.271000
72.271000
72.271000
72.271000
72.391000
72.391000
72.391000
72.611000
72.161000
72.161000
72.051000
72.051000
72.051000
72.051000
72.051000
71.941000
71.941000
72.951000
73.851000
73.851000
73.741000
73.631000
73.631000
71.941000
72.841000
72.841000
72.841000
72.841000
72.951000
72.951000
73.181000
72.841000
72.841000
72.841000
72.841000
72.841000
72.841000
72.951000
72.951000
72.951000
74.191000
74.191000
74.191000
74.071000
74.191000
74.071000
74.191000
74.071000
74.071000
74.071000
73.961000
73.961000
73.961000
73.961000
73.961000
73.961000
73.961000
74.301000
74.301000
74.301000
74.301000
73.961000
74.191000
74.191000
74.191000
74.301000
74.411000
74.411000
72.841000
72.841000
73.851000
73.851000
73.961000
73.961000
73.961000
74.071000
73.511000
73.401000
73.291000
73.061000
73.061000
72.951000
74.071000
74.191000
74.411000
74.411000
74.641000
74.641000
74.751000
74.641000
74.641000
74.751000
73.631000
73.631000
73.741014
73.741014
73.741014
73.851000
73.851000
73.851000
73.851000
73.851000
73.851000
73.851000
73.741000
73.851001
73.851001
73.961001
73.961002
73.961002
74.071002
75.091002
75.091002
74.751003
75.091003
77.341003
75.431003
74.971003
74.971003
74.751003
74.751003
74.751003
72.611000
72.611000
72.611000
73.181000
73.061000
73.061000
73.061000
72.721000
75.651001
75.541001
75.651001
75.651001
74.641001
74.641001
74.641001
74.751001
74.641001
74.751001
74.751001
74.751001
74.751001
74.751001
74.751001
74.751001
74.751001
74.751001
76.101001
76.101001
70.021001
72.05100072.05100072.05100072.05100072.16100072.16100072.16100072.16100072.16100072.27100072.16100072.27100072.27100072.27100072.27100072.39100072.39100072.16100072.161000
72.161000
72.161000
72.161000
72.161000
72.051000
72.051000
71.941000
71.941000
71.941000
72.051000
72.051000
72.051000
72.051000
72.051000
72.051000
72.051000
72.051000
72.051000
72.161000
72.161000
72.161000
72.161000
72.161000
72.051000
71.941000
71.941000
72.051000
71.941000
71.941000
71.941000
71.941000
71.941000
71.941000
71.941000
72.051000
71.941002
71.941002
71.941002
71.941002
71.941002
71.941002
72.051002
72.051002
72.051002
72.051002
72.051002
72.051002
72.161002
72.161002
72.161002
72.161002
72.161002
72.161002
72.161002
72.161002
72.161002
72.161002
72.051003
72.051004
72.051005
72.161005
72.161006
72.161006
72.161006
72.161006
72.161006
72.161006
72.161006
72.161006
72.271006
72.271006
72.271006
72.271006
72.271006
72.271006
72.271006
72.271006
72.271006
72.271006
72.271006
72.271006
72.271006
72.271006
72.271006
72.271006
72.271006
72.271006
72.271006
72.271006
72.271006
72.271006
72.271006
72.271006
72.271006
72.391006
72.391006
72.391006
72.391006
72.391006
72.391006
72.391006
72.391006
72.391006
72.501006
72.501006
72.501006
72.501006
72.501006
72.501006
72.501006
72.501006
72.501006
72.611006
72.611006
72.611006
72.611006
72.611006
72.611006
72.611006
72.611006
72.611006
72.611006
72.611006
72.721006
72.611006
72.611006
72.611006
72.611006
72.611006
72.611006
72.611006
72.611006
72.611006
72.611006
72.611006
72.611006
72.611006
72.611006
72.611006
72.611006
72.611006
72.611006
72.611006
72.611006
72.611006
72.611006
72.611006
72.611006
72.501006
72.501006
72.501006
72.501006
72.501006
72.501006
72.501006
72.501006
72.501006
72.501006
72.501006
72.501006
72.501006
72.611006
72.501006
72.501006
72.501006
72.501006
72.501006
72.501006
72.611006
72.611006
72.611006
72.611006
72.611006
72.611006
72.611006
72.501006
72.611006
73.061006
73.061006
72.951006
73.181006
73.181006
73.181006
73.181006
73.181006
73.181006
73.181006
73.181006
73.181006
73.181006
73.631006
73.631006
73.631006
74.071006
74.071006
74.071006
73.961006
73.961006
74.071006
73.961006
73.961006
74.071006
74.071006
73.961006
74.071006
73.961006
73.961006
73.961006
74.071006
73.961006
74.071006
74.071006
74.071006
74.071006
74.071006
74.071006
74.071006
74.071006
73.741004
73.631004
73.631004
73.741004
73.741004
73.631004
73.511004
73.511004
73.511004
73.631004
73.631004
73.631004
73.631004
73.631004
73.631004
73.631004
73.511004
73.291016
73.181016
73.291016
73.291016
73.291016
73.181016
73.291016
73.291016
73.291016
73.181016
73.181016
75.541000
75.541000
75.431000
75.541000
75.541001
75.431002
75.431004
75.431004
75.431004
75.431004
74.191007
74.191007
